
[1mRooFit v3.12 -- Developed by Wouter Verkerke and David Kirkby[0m 
                Copyright (C) 2000-2009 NIKHEF, University of California & Stanford University
                All rights reserved, please read http://roofit.sourceforge.net/license.txt

argc  : 4
dataVer  : P14A
siteNum  : 1
FitMode  : B12
 
Find following data version will be analysed : 
 
P14A
 data dir exist : /afs/ihep.ac.cn/users/l/lidj/largedata/IsotopesAna/P14A
 
 merged file exist  : EH1Time_P14A_multiSlice.root
 merged file exist  : EH2Time_P14A_multiSlice.root
 merged file exist  : EH3Time_P14A_multiSlice.root
data version : P14A
 
 
 
 
====> begin to analyse EH1's DaqTime,N12/B12 
dataVersion  : P14A
begin to analyse B12 
done iso 
done fit 
fitmode  : B12
fit[fitmode].xlow  : 0.001
fit[fitmode].xhigh  : 0.501
fit[fitmode].elow  : 4
fit[fitmode].ehigh  : 20
done xt 
done setrange 
>>> >>> prepare B12 information 
>>> >>> prepare N12 information 
>>> >>> prepare C9  information 
>>> >>> prepare He8 information 
>>> >>> prepare Li9 information 
>>> >>> prepare Li8 information 
>>> >>> prepare B8  information 
>>> >>> prepare Bkg information 
>>> >>> prepare B12 fit TimeFitPdf 
>>> >>> prepare B12 fit SpecFitPdf 
>>> >>> prepare B12 fit data 
nameStr  : sliceNumNoRed_0.50_4.0_20.0
nameStr  : time2lastshowermuonNoRed_0.50_1_4.0_20.0
nameStr  : time2lastshowermuonNoRed_0.50_2_4.0_20.0
nameStr  : time2lastshowermuonNoRed_0.50_3_4.0_20.0
nameStr  : time2lastshowermuonNoRed_0.50_4_4.0_20.0
nameStr  : time2lastshowermuonNoRed_0.50_5_4.0_20.0
nameStr  : time2lastshowermuonNoRed_0.50_6_4.0_20.0
nameStr  : time2lastshowermuonNoRed_0.50_7_4.0_20.0
nameStr  : time2lastshowermuonNoRed_0.50_8_4.0_20.0
nameStr  : time2lastshowermuonNoRed_0.50_9_4.0_20.0
nameStr  : time2lastshowermuonNoRed_0.50_10_4.0_20.0
nameStr  : time2lastshowermuonNoRed_0.50_11_4.0_20.0
nameStr  : time2lastshowermuonNoRed_0.50_12_4.0_20.0
nameStr  : time2lastshowermuonNoRed_0.50_13_4.0_20.0
nameStr  : time2lastshowermuonNoRed_0.50_14_4.0_20.0
nameStr  : time2lastshowermuonNoRed_0.50_15_4.0_20.0
nameStr  : time2lastshowermuonNoRed_0.50_16_4.0_20.0
nameStr  : time2lastshowermuonNoRed_0.50_17_4.0_20.0
nameStr  : time2lastshowermuonNoRed_0.50_18_4.0_20.0
nameStr  : time2lastshowermuonNoRed_0.50_19_4.0_20.0
nameStr  : time2lastshowermuonNoRed_0.50_20_4.0_20.0
nameStr  : time2lastshowermuonNoRed_0.50_21_4.0_20.0
nameStr  : time2lastshowermuonNoRed_0.50_22_4.0_20.0
nameStr  : time2lastshowermuonNoRed_0.50_23_4.0_20.0
nameStr  : time2lastshowermuonNoRed_0.50_24_4.0_20.0
nameStr  : time2lastshowermuonNoRed_0.50_25_4.0_20.0
nameStr  : time2lastshowermuonNoRed_0.50_26_4.0_20.0
nameStr  : time2lastshowermuonNoRed_0.50_27_4.0_20.0
nameStr  : time2lastshowermuonNoRed_0.50_28_4.0_20.0
nameStr  : time2lastshowermuonNoRed_0.50_29_4.0_20.0
nameStr  : time2lastshowermuonNoRed_0.50_30_4.0_20.0
nameStr  : time2lastshowermuonNoRed_0.50_31_4.0_20.0
nameStr  : time2lastshowermuonNoRed_0.50_32_4.0_20.0
nameStr  : time2lastshowermuonNoRed_0.50_33_4.0_20.0
nameStr  : time2lastshowermuonNoRed_0.50_34_4.0_20.0
nameStr  : time2lastshowermuonNoRed_0.50_35_4.0_20.0
nameStr  : time2lastshowermuonNoRed_0.50_36_4.0_20.0
nameStr  : time2lastshowermuonNoRed_0.50_37_4.0_20.0
nameStr  : time2lastshowermuonNoRed_0.50_38_4.0_20.0
nameStr  : time2lastshowermuonNoRed_0.50_39_4.0_20.0
nameStr  : time2lastshowermuonNoRed_0.50_40_4.0_20.0
nameStr  : time2lastshowermuonNoRed_0.50_41_4.0_20.0
nameStr  : time2lastshowermuonNoRed_0.50_42_4.0_20.0
xt range  : 0.001 ~ 0.501
>>>>>>>>>>>> now is  : 1
[#1] INFO:Minization -- p.d.f. provides expected number of events, including extended term in likelihood.
 EIGENVALUES OF SECOND-DERIVATIVE MATRIX:
        -2.0739e-01  3.3822e-01  8.7878e-01  9.6755e-01  9.7609e-01  9.7899e-01  1.0002e+00  1.6220e+00  2.4455e+00
 MINUIT WARNING IN HESSE   
 ============== MATRIX FORCED POS-DEF BY ADDING 0.209831 TO DIAGONAL.
[#1] INFO:Minization -- p.d.f. provides expected number of events, including extended term in likelihood.
 **********
 **   13 **MIGRAD        4500           1
 **********
 FIRST CALL TO USER FUNCTION AT NEW START POINT, WITH IFLAG=4.
 MINUIT WARNING IN MIGrad    
 ============== VARIABLE2 IS AT ITS LOWER ALLOWED LIMIT.
 MINUIT WARNING IN MIGrad    
 ============== VARIABLE4 IS AT ITS LOWER ALLOWED LIMIT.
 MINUIT WARNING IN MIGrad    
 ============== VARIABLE5 IS AT ITS LOWER ALLOWED LIMIT.
 MINUIT WARNING IN MIGrad    
 ============== VARIABLE6 IS AT ITS LOWER ALLOWED LIMIT.
 MINUIT WARNING IN MIGrad    
 ============== VARIABLE7 IS AT ITS LOWER ALLOWED LIMIT.
 MINUIT WARNING IN MIGrad    
 ============== VARIABLE9 IS AT ITS UPPER ALLOWED LIMIT.
 START MIGRAD MINIMIZATION.  STRATEGY  1.  CONVERGENCE WHEN EDM .LT. 1.00e-03
 FCN=-239184 FROM MIGRAD    STATUS=INITIATE       36 CALLS          37 TOTAL
                     EDM= unknown      STRATEGY= 1      NO ERROR MATRIX       
  EXT PARAMETER               CURRENT GUESS       STEP         FIRST   
  NO.   NAME      VALUE            ERROR          SIZE      DERIVATIVE 
   1  N_B12        1.14366e+04   3.26628e+02   1.36761e-03   1.31138e+02
   2  N_B8         4.76837e+00   1.97498e+01   1.23786e-03   2.15337e+01
   3  N_Bkg        1.16595e+04   2.89099e+02   1.19884e-03   3.29722e+02
   4  N_C9         4.76837e+00   6.98032e+01   2.88535e-03   4.33697e+01
   5  N_He8        4.76837e+00   7.82364e+01   3.09787e-03   3.99541e+01
   6  N_Li8        4.76837e+00   1.99718e+01   1.24786e-03   2.09415e+01
   7  N_Li9        4.76837e+00   6.92097e+01   2.86995e-03   4.36115e+01
   8  N_N12        1.75530e+02   2.70923e+02   8.47294e-03   1.42915e+01
   9  tauBkg      -4.76837e-05   1.65945e-02   1.72685e-02  -1.49064e+00
                               ERR DEF= 0.5
 MIGRAD MINIMIZATION HAS CONVERGED.
 MIGRAD WILL VERIFY CONVERGENCE AND ERROR MATRIX.
 COVARIANCE MATRIX CALCULATED SUCCESSFULLY
 FCN=-239184 FROM MIGRAD    STATUS=CONVERGED     213 CALLS         214 TOTAL
                     EDM=0.000357337    STRATEGY= 1      ERROR MATRIX ACCURATE 
  EXT PARAMETER                                   STEP         FIRST   
  NO.   NAME      VALUE            ERROR          SIZE      DERIVATIVE 
   1  N_B12        1.14384e+04   4.54967e+02   1.68320e-04  -1.04703e+01
   2  N_B8         2.81335e-04   2.35534e+02   4.08955e-03** at limit **
   3  N_Bkg        1.16595e+04   1.60781e+02   1.66777e-04  -8.24608e+00
   4  N_C9         6.88306e-04   6.92862e+01   2.48283e-03** at limit **
   5  N_He8        5.48648e-04   7.76499e+01   2.61883e-03** at limit **
   6  N_Li8        1.25723e-04   2.55494e+02   4.08040e-03** at limit **
   7  N_Li9        7.00998e-04   6.86974e+01   2.47276e-03** at limit **
   8  N_N12        1.74196e+02   3.79777e+02   1.15850e-03  -2.70789e+00
   9  tauBkg      -1.46062e-08   1.65363e-02   1.22653e-02** at limit **
                               ERR DEF= 0.5
 EXTERNAL ERROR MATRIX.    NDIM=  25    NPAR=  9    ERR DEF=0.5
  2.070e+05 -9.511e+00 -1.731e+04 -1.476e+01 -1.160e+01 -6.334e+00 -1.543e+01 -1.664e+05 -5.732e-04 
 -9.511e+00  2.651e-01 -3.299e+01 -5.857e-04 -5.791e-04 -6.438e-04 -5.835e-04  6.764e+00 -2.268e-08 
 -1.731e+04 -3.299e+01  2.585e+04 -5.431e+00 -7.015e+00 -2.409e+01 -5.170e+00  1.284e+04  1.582e-04 
 -1.476e+01 -5.857e-04 -5.431e+00  1.908e-01 -4.790e-04 -3.960e-04 -4.950e-04  1.016e+01 -3.320e-08 
 -1.160e+01 -5.791e-04 -7.015e+00 -4.790e-04  1.704e-01 -3.926e-04 -4.786e-04  8.087e+00 -3.081e-08 
 -6.334e+00 -6.438e-04 -2.409e+01 -3.960e-04 -3.926e-04  1.285e-01 -3.944e-04  4.507e+00 -1.423e-08 
 -1.543e+01 -5.835e-04 -5.170e+00 -4.950e-04 -4.786e-04 -3.944e-04  1.926e-01  1.060e+01 -3.337e-08 
 -1.664e+05  6.764e+00  1.284e+04  1.016e+01  8.087e+00  4.507e+00  1.060e+01  1.442e+05  4.090e-04 
 -5.732e-04 -2.268e-08  1.582e-04 -3.320e-08 -3.081e-08 -1.423e-08 -3.337e-08  4.090e-04  9.662e-10 
 PARAMETER  CORRELATION COEFFICIENTS  
       NO.  GLOBAL      1      2      3      4      5      6      7      8      9
        1  0.96516   1.000 -0.041 -0.237 -0.074 -0.062 -0.039 -0.077 -0.963 -0.041
        2  0.48939  -0.041  1.000 -0.399 -0.003 -0.003 -0.003 -0.003  0.035 -0.001
        3  0.67179  -0.237 -0.399  1.000 -0.077 -0.106 -0.418 -0.073  0.210  0.032
        4  0.16365  -0.074 -0.003 -0.077  1.000 -0.003 -0.003 -0.003  0.061 -0.002
        5  0.18487  -0.062 -0.003 -0.106 -0.003  1.000 -0.003 -0.003  0.052 -0.002
        6  0.50580  -0.039 -0.003 -0.418 -0.003 -0.003  1.000 -0.003  0.033 -0.001
        7  0.16227  -0.077 -0.003 -0.073 -0.003 -0.003 -0.003  1.000  0.064 -0.002
        8  0.96370  -0.963  0.035  0.210  0.061  0.052  0.033  0.064  1.000  0.035
        9  0.05020  -0.041 -0.001  0.032 -0.002 -0.002 -0.001 -0.002  0.035  1.000
 **********
 **   18 **HESSE        4500
 **********
 COVARIANCE MATRIX CALCULATED SUCCESSFULLY
 FCN=-239184 FROM HESSE     STATUS=OK             93 CALLS         307 TOTAL
                     EDM=0.000286174    STRATEGY= 1      ERROR MATRIX ACCURATE 
  EXT PARAMETER                                INTERNAL      INTERNAL  
  NO.   NAME      VALUE            ERROR       STEP SIZE       VALUE   
   1  N_B12        1.14384e+04   3.26236e+02   3.36641e-05  -1.47510e+00
   2  N_B8         2.81335e-04   1.92430e+01   5.14641e-02  -1.57081e+00
                                 WARNING -   - ABOVE PARAMETER IS AT LIMIT.
   3  N_Bkg        1.16595e+04   2.84405e+02   3.33553e-05  -1.47418e+00
   4  N_C9         6.88306e-04   6.95469e+01   9.93132e-05  -1.57082e+00
                                 WARNING -   - ABOVE PARAMETER IS AT LIMIT.
   5  N_He8        5.48648e-04   7.79572e+01   1.04753e-04  -1.57082e+00
                                 WARNING -   - ABOVE PARAMETER IS AT LIMIT.
   6  N_Li8        1.25723e-04   1.88492e+01   5.18696e-02  -1.57081e+00
                                 WARNING -   - ABOVE PARAMETER IS AT LIMIT.
   7  N_Li9        7.00998e-04   6.89532e+01   9.89105e-05  -1.57082e+00
                                 WARNING -   - ABOVE PARAMETER IS AT LIMIT.
   8  N_N12        1.74196e+02   2.70655e+02   4.63400e-05  -1.55899e+00
   9  tauBkg      -1.46062e-08   1.65783e-02   2.45306e-03   1.57083e+00
                                 WARNING -   - ABOVE PARAMETER IS AT LIMIT.
                               ERR DEF= 0.5
 EXTERNAL ERROR MATRIX.    NDIM=  25    NPAR=  9    ERR DEF=0.5
  1.064e+05 -6.355e+00  4.140e+03 -1.799e-01 -1.582e-01 -3.958e+00 -1.866e-01 -8.166e+04 -6.509e-05 
 -6.355e+00  2.165e-02 -2.560e+01 -1.170e-05 -1.198e-05 -1.044e-03 -1.174e-05  3.629e+00 -4.355e-09 
  4.140e+03 -2.560e+01  8.089e+04 -1.055e-01 -1.586e-01 -1.692e+01 -9.873e-02 -1.424e+03  3.612e-05 
 -1.799e-01 -1.170e-05 -1.055e-01  1.915e-01 -4.291e-07 -7.059e-06 -3.520e-07  1.045e-01 -2.143e-10 
 -1.582e-01 -1.198e-05 -1.586e-01 -4.291e-07  1.711e-01 -7.229e-06 -3.913e-07  9.397e-02 -2.159e-10 
 -3.958e+00 -1.044e-03 -1.692e+01 -7.059e-06 -7.229e-06  9.479e-03 -7.085e-06  2.255e+00 -2.475e-09 
 -1.866e-01 -1.174e-05 -9.873e-02 -3.520e-07 -3.913e-07 -7.085e-06  1.933e-01  1.079e-01 -2.147e-10 
 -8.166e+04  3.629e+00 -1.424e+03  1.045e-01  9.397e-02  2.255e+00  1.079e-01  7.326e+04  4.031e-05 
 -6.509e-05 -4.355e-09  3.612e-05 -2.143e-10 -2.159e-10 -2.475e-09 -2.147e-10  4.031e-05  9.687e-10 
 PARAMETER  CORRELATION COEFFICIENTS  
       NO.  GLOBAL      1      2      3      4      5      6      7      8      9
        1  0.93103   1.000 -0.132  0.045 -0.001 -0.001 -0.125 -0.001 -0.925 -0.006
        2  0.85391  -0.132  1.000 -0.612 -0.000 -0.000 -0.073 -0.000  0.091 -0.001
        3  0.90810   0.045 -0.612  1.000 -0.001 -0.001 -0.611 -0.001 -0.018  0.004
        4  0.00345  -0.001 -0.000 -0.001  1.000 -0.000 -0.000 -0.000  0.001 -0.000
        5  0.00452  -0.001 -0.000 -0.001 -0.000  1.000 -0.000 -0.000  0.001 -0.000
        6  0.85314  -0.125 -0.073 -0.611 -0.000 -0.000  1.000 -0.000  0.086 -0.001
        7  0.00337  -0.001 -0.000 -0.001 -0.000 -0.000 -0.000  1.000  0.001 -0.000
        8  0.92701  -0.925  0.091 -0.018  0.001  0.001  0.086  0.001  1.000  0.005
        9  0.00890  -0.006 -0.001  0.004 -0.000 -0.000 -0.001 -0.000  0.005  1.000
 **********
 **   19 **SET ERRDEF         0.5
 **********
 START MNCONTOUR CALCULATION OF   50 POINTS ON CONTOUR.
 EACH POINT IS A MINIMUM WITH RESPECT TO THE OTHER   7 VARIABLE PARAMETERS.
    THE NEGATIVE MINOS ERROR OF PARAMETER   8, N_N12 EXCEEDS ITS LIMIT.
 MINUIT WARNING IN MIGRAD  
 ============== VARIABLE2 IS AT ITS LOWER ALLOWED LIMIT.
 MINUIT WARNING IN MIGRAD  
 ============== VARIABLE4 IS AT ITS LOWER ALLOWED LIMIT.
 MINUIT WARNING IN MIGRAD  
 ============== VARIABLE5 IS AT ITS LOWER ALLOWED LIMIT.
 MINUIT WARNING IN MIGRAD  
 ============== VARIABLE6 IS AT ITS LOWER ALLOWED LIMIT.
 MINUIT WARNING IN MIGRAD  
 ============== VARIABLE7 IS AT ITS LOWER ALLOWED LIMIT.
 MINUIT WARNING IN MIGRAD  
 ============== VARIABLE8 IS AT ITS LOWER ALLOWED LIMIT.
 MINUIT WARNING IN MIGRAD  
 ============== VARIABLE9 IS AT ITS UPPER ALLOWED LIMIT.
 MINUIT WARNING IN MNContour 
 ============== Contour squeezed by parameter limits.
 MINUIT WARNING IN MIGRAD  
 ============== VARIABLE2 IS AT ITS LOWER ALLOWED LIMIT.
 MINUIT WARNING IN MIGRAD  
 ============== VARIABLE4 IS AT ITS LOWER ALLOWED LIMIT.
 MINUIT WARNING IN MIGRAD  
 ============== VARIABLE5 IS AT ITS LOWER ALLOWED LIMIT.
 MINUIT WARNING IN MIGRAD  
 ============== VARIABLE6 IS AT ITS LOWER ALLOWED LIMIT.
 MINUIT WARNING IN MIGRAD  
 ============== VARIABLE7 IS AT ITS LOWER ALLOWED LIMIT.
 MINUIT WARNING IN MIGRAD  
 ============== VARIABLE9 IS AT ITS UPPER ALLOWED LIMIT.
 Y-AXIS: PARAMETER   1  N_B12
                         X-AXIS: PARAMETER   8  N_N12
   50 POINTS ON CONTOUR.   FMIN= -2.39184e+05   ERRDEF=        0.5
         N_N12N_B12N_N12N_B12
     1  0.00000e+00  1.16313e+04             26  3.66151e+02  1.13133e+04
     2  0.00000e+00  1.15864e+04             27  3.40803e+02  1.13517e+04
     3  0.00000e+00  1.15414e+04             28  3.28377e+02  1.13711e+04
     4  2.51843e+01  1.15041e+04             29  3.14312e+02  1.13894e+04
     5  5.14056e+01  1.14676e+04             30  3.01340e+02  1.14084e+04
     6  7.72565e+01  1.14334e+04             31  2.86850e+02  1.14263e+04
     7  1.03852e+02  1.13997e+04             32  2.73408e+02  1.14450e+04
     8  1.31159e+02  1.13666e+04             33  2.58515e+02  1.14626e+04
     9  1.59165e+02  1.13341e+04             34  2.44695e+02  1.14809e+04
    10  1.87567e+02  1.13026e+04             35  2.29460e+02  1.14980e+04
    11  2.16702e+02  1.12717e+04             36  2.15249e+02  1.15161e+04
    12  2.46640e+02  1.12417e+04             37  1.99614e+02  1.15329e+04
    13  2.77493e+02  1.12125e+04             38  1.85027e+02  1.15506e+04
    14  2.92550e+02  1.11973e+04             39  1.68968e+02  1.15670e+04
    15  3.09681e+02  1.11844e+04             40  1.54009e+02  1.15844e+04
    16  3.25171e+02  1.11695e+04             41  1.37483e+02  1.16003e+04
    17  3.43348e+02  1.11581e+04             42  1.22129e+02  1.16174e+04
    18  3.59613e+02  1.11436e+04             43  1.05047e+02  1.16328e+04
    19  3.79510e+02  1.11348e+04             44  8.92906e+01  1.16496e+04
    20  3.99086e+02  1.11255e+04             45  7.15426e+01  1.16642e+04
    21  4.20199e+02  1.11208e+04             46  5.53434e+01  1.16806e+04
    22  4.41275e+02  1.11454e+04             47  3.66940e+01  1.16941e+04
    23  4.30938e+02  1.11907e+04             48  2.00266e+01  1.17101e+04
    24  4.12188e+02  1.12332e+04             49  5.43285e-05  1.17217e+04
    25  3.90177e+02  1.12738e+04             50  2.71642e-05  1.16765e+04
 MINUIT WARNING IN MIGRAD  
 ============== VARIABLE2 IS AT ITS LOWER ALLOWED LIMIT.
 MINUIT WARNING IN MIGRAD  
 ============== VARIABLE4 IS AT ITS LOWER ALLOWED LIMIT.
 MINUIT WARNING IN MIGRAD  
 ============== VARIABLE5 IS AT ITS LOWER ALLOWED LIMIT.
 MINUIT WARNING IN MIGRAD  
 ============== VARIABLE6 IS AT ITS LOWER ALLOWED LIMIT.
 MINUIT WARNING IN MIGRAD  
 ============== VARIABLE7 IS AT ITS LOWER ALLOWED LIMIT.
 MINUIT WARNING IN MIGRAD  
 ============== VARIABLE9 IS AT ITS UPPER ALLOWED LIMIT.
 **********
 **   20 **SET ERRDEF           2
 **********
 START MNCONTOUR CALCULATION OF   50 POINTS ON CONTOUR.
 EACH POINT IS A MINIMUM WITH RESPECT TO THE OTHER   7 VARIABLE PARAMETERS.
    THE NEGATIVE MINOS ERROR OF PARAMETER   8, N_N12 EXCEEDS ITS LIMIT.
 MINUIT WARNING IN MIGRAD  
 ============== VARIABLE2 IS AT ITS LOWER ALLOWED LIMIT.
 MINUIT WARNING IN MIGRAD  
 ============== VARIABLE4 IS AT ITS LOWER ALLOWED LIMIT.
 MINUIT WARNING IN MIGRAD  
 ============== VARIABLE5 IS AT ITS LOWER ALLOWED LIMIT.
 MINUIT WARNING IN MIGRAD  
 ============== VARIABLE6 IS AT ITS LOWER ALLOWED LIMIT.
 MINUIT WARNING IN MIGRAD  
 ============== VARIABLE7 IS AT ITS LOWER ALLOWED LIMIT.
 MINUIT WARNING IN MIGRAD  
 ============== VARIABLE8 IS AT ITS LOWER ALLOWED LIMIT.
 MINUIT WARNING IN MIGRAD  
 ============== VARIABLE9 IS AT ITS UPPER ALLOWED LIMIT.
 MINUIT WARNING IN MNContour 
 ============== Contour squeezed by parameter limits.
 MINUIT WARNING IN MIGRAD  
 ============== VARIABLE2 IS AT ITS LOWER ALLOWED LIMIT.
 MINUIT WARNING IN MIGRAD  
 ============== VARIABLE4 IS AT ITS LOWER ALLOWED LIMIT.
 MINUIT WARNING IN MIGRAD  
 ============== VARIABLE5 IS AT ITS LOWER ALLOWED LIMIT.
 MINUIT WARNING IN MIGRAD  
 ============== VARIABLE6 IS AT ITS LOWER ALLOWED LIMIT.
 MINUIT WARNING IN MIGRAD  
 ============== VARIABLE7 IS AT ITS LOWER ALLOWED LIMIT.
 MINUIT WARNING IN MIGRAD  
 ============== VARIABLE9 IS AT ITS UPPER ALLOWED LIMIT.
 Y-AXIS: PARAMETER   1  N_B12
                         X-AXIS: PARAMETER   8  N_N12
   50 POINTS ON CONTOUR.   FMIN= -2.39184e+05   ERRDEF=          2
         N_N12N_B12N_N12N_B12
     1  0.00000e+00  1.16313e+04             26  5.43970e+02  1.12097e+04
     2  0.00000e+00  1.15596e+04             27  5.00842e+02  1.12742e+04
     3  0.00000e+00  1.14878e+04             28  4.79404e+02  1.13066e+04
     4  0.00000e+00  1.14128e+04             29  4.56113e+02  1.13377e+04
     5  4.19318e+01  1.13505e+04             30  4.33912e+02  1.13696e+04
     6  8.48775e+01  1.12939e+04             31  4.09987e+02  1.14001e+04
     7  1.33483e+02  1.12420e+04             32  3.86498e+02  1.14309e+04
     8  1.78233e+02  1.11868e+04             33  3.65462e+02  1.14635e+04
     9  2.28974e+02  1.11370e+04             34  3.38826e+02  1.14916e+04
    10  2.74006e+02  1.10851e+04             35  3.14457e+02  1.15217e+04
    11  3.25368e+02  1.10394e+04             36  2.89802e+02  1.15515e+04
    12  3.75352e+02  1.09924e+04             37  2.67615e+02  1.15833e+04
    13  4.26778e+02  1.09471e+04             38  2.39878e+02  1.16103e+04
    14  4.80377e+02  1.09035e+04             39  2.14387e+02  1.16395e+04
    15  5.06692e+02  1.08809e+04             40  1.88598e+02  1.16684e+04
    16  5.36365e+02  1.08630e+04             41  1.65467e+02  1.16995e+04
    17  5.64104e+02  1.08415e+04             42  1.36432e+02  1.17252e+04
    18  5.96351e+02  1.08277e+04             43  1.09758e+02  1.17533e+04
    19  6.28623e+02  1.08143e+04             44  8.36070e+01  1.17818e+04
    20  6.62974e+02  1.08077e+04             45  5.55859e+01  1.18084e+04
    21  7.05092e+02  1.08575e+04             46  2.88306e+01  1.18363e+04
    22  6.89244e+02  1.09342e+04             47  8.26589e-06  1.18621e+04
    23  6.59510e+02  1.10067e+04             48  6.19942e-06  1.18044e+04
    24  6.24092e+02  1.10762e+04             49  4.13294e-06  1.17467e+04
    25  5.85172e+02  1.11439e+04             50  2.06647e-06  1.16890e+04
 MINUIT WARNING IN MIGRAD  
 ============== VARIABLE2 IS AT ITS LOWER ALLOWED LIMIT.
 MINUIT WARNING IN MIGRAD  
 ============== VARIABLE4 IS AT ITS LOWER ALLOWED LIMIT.
 MINUIT WARNING IN MIGRAD  
 ============== VARIABLE5 IS AT ITS LOWER ALLOWED LIMIT.
 MINUIT WARNING IN MIGRAD  
 ============== VARIABLE6 IS AT ITS LOWER ALLOWED LIMIT.
 MINUIT WARNING IN MIGRAD  
 ============== VARIABLE7 IS AT ITS LOWER ALLOWED LIMIT.
 MINUIT WARNING IN MIGRAD  
 ============== VARIABLE9 IS AT ITS UPPER ALLOWED LIMIT.
 **********
 **   21 **SET ERRDEF         4.5
 **********
 START MNCONTOUR CALCULATION OF   50 POINTS ON CONTOUR.
 EACH POINT IS A MINIMUM WITH RESPECT TO THE OTHER   7 VARIABLE PARAMETERS.
    THE NEGATIVE MINOS ERROR OF PARAMETER   8, N_N12 EXCEEDS ITS LIMIT.
 MINUIT WARNING IN MIGRAD  
 ============== VARIABLE2 IS AT ITS LOWER ALLOWED LIMIT.
 MINUIT WARNING IN MIGRAD  
 ============== VARIABLE4 IS AT ITS LOWER ALLOWED LIMIT.
 MINUIT WARNING IN MIGRAD  
 ============== VARIABLE5 IS AT ITS LOWER ALLOWED LIMIT.
 MINUIT WARNING IN MIGRAD  
 ============== VARIABLE6 IS AT ITS LOWER ALLOWED LIMIT.
 MINUIT WARNING IN MIGRAD  
 ============== VARIABLE7 IS AT ITS LOWER ALLOWED LIMIT.
 MINUIT WARNING IN MIGRAD  
 ============== VARIABLE8 IS AT ITS LOWER ALLOWED LIMIT.
 MINUIT WARNING IN MIGRAD  
 ============== VARIABLE9 IS AT ITS UPPER ALLOWED LIMIT.
 MINUIT WARNING IN MNContour 
 ============== Contour squeezed by parameter limits.
 MIGRAD FAILS WITH STRATEGY=0.   WILL TRY WITH STRATEGY=1.
 MINUIT WARNING IN HESSE   
 ============== Negative diagonal element 3 in Error Matrix
 MINUIT WARNING IN HESSE   
 ============== Negative diagonal element 4 in Error Matrix
 MINUIT WARNING IN HESSE   
 ============== Negative diagonal element 6 in Error Matrix
 MINUIT WARNING IN HESSE   
 ============== 9473.22 added to diagonal of error matrix
 EIGENVALUES OF SECOND-DERIVATIVE MATRIX:
        -2.3249e+01 -1.6629e+00 -4.1371e-01 -8.4137e-02  3.4771e-01  9.8893e-01  1.0161e+00  3.1057e+01
 MINUIT WARNING IN HESSE   
 ============== MATRIX FORCED POS-DEF BY ADDING 23.280041 TO DIAGONAL.
 MINUIT WARNING IN MIGRAD  
 ============== Negative diagonal element 3 in Error Matrix
 MINUIT WARNING IN MIGRAD  
 ============== 1.00001 added to diagonal of error matrix
                         NEGATIVE MINOS ERROR NOT CALCULATED FOR PARAMETER 1
 MINUIT WARNING IN MIGRAD  
 ============== VARIABLE5 IS AT ITS LOWER ALLOWED LIMIT.
 MNCONT UNABLE TO FIND FOUR POINTS.
[#0] ERROR:Minization -- RooMinuit::contour(RooMinuit) ERROR: MINUIT did not return a contour graph for n=3
 **********
 **   22 **SET ERRDEF         0.5
 **********
[#1] INFO:Minization -- p.d.f. provides expected number of events, including extended term in likelihood.
 MINUIT WARNING IN MIGrad    
 ============== VARIABLE5 IS AT ITS LOWER ALLOWED LIMIT.
 MINUIT WARNING IN MIGRAD  
 ============== Negative diagonal element 1 in Error Matrix
 MINUIT WARNING IN MIGRAD  
 ============== Negative diagonal element 8 in Error Matrix
 MINUIT WARNING IN MIGRAD  
 ============== 1.00014 added to diagonal of error matrix
 MINUIT WARNING IN MIGRAD  
 ============== Negative diagonal element 8 in Error Matrix
 MINUIT WARNING IN MIGRAD  
 ============== 1.00003 added to diagonal of error matrix
>>>>>>>>>>>> now is  : 2
[#1] INFO:Minization -- p.d.f. provides expected number of events, including extended term in likelihood.
 MINUIT WARNING IN MIGrad    
 ============== VARIABLE2 IS AT ITS LOWER ALLOWED LIMIT.
 MINUIT WARNING IN MIGrad    
 ============== VARIABLE4 IS AT ITS LOWER ALLOWED LIMIT.
 MINUIT WARNING IN MIGrad    
 ============== VARIABLE5 IS AT ITS LOWER ALLOWED LIMIT.
 MINUIT WARNING IN MIGrad    
 ============== VARIABLE6 IS AT ITS LOWER ALLOWED LIMIT.
 MINUIT WARNING IN MIGrad    
 ============== VARIABLE7 IS AT ITS LOWER ALLOWED LIMIT.
 MINUIT WARNING IN MIGrad    
 ============== VARIABLE9 IS AT ITS UPPER ALLOWED LIMIT.
 EIGENVALUES OF SECOND-DERIVATIVE MATRIX:
        -2.2407e-01  2.6829e-01  6.7425e-01  8.4704e-01  8.8362e-01  8.9390e-01  1.0005e+00  1.8004e+00  2.8561e+00
 MINUIT WARNING IN HESSE   
 ============== MATRIX FORCED POS-DEF BY ADDING 0.226924 TO DIAGONAL.
[#1] INFO:Minization -- p.d.f. provides expected number of events, including extended term in likelihood.
 **********
 **   13 **MIGRAD        4500           1
 **********
 FIRST CALL TO USER FUNCTION AT NEW START POINT, WITH IFLAG=4.
 MINUIT WARNING IN MIGrad    
 ============== VARIABLE4 IS AT ITS LOWER ALLOWED LIMIT.
 MINUIT WARNING IN MIGrad    
 ============== VARIABLE5 IS AT ITS LOWER ALLOWED LIMIT.
 MINUIT WARNING IN MIGrad    
 ============== VARIABLE6 IS AT ITS LOWER ALLOWED LIMIT.
 MINUIT WARNING IN MIGrad    
 ============== VARIABLE7 IS AT ITS LOWER ALLOWED LIMIT.
 MINUIT WARNING IN MIGrad    
 ============== VARIABLE9 IS AT ITS UPPER ALLOWED LIMIT.
 START MIGRAD MINIMIZATION.  STRATEGY  1.  CONVERGENCE WHEN EDM .LT. 1.00e-03
 FCN=-250345 FROM MIGRAD    STATUS=INITIATE       34 CALLS          35 TOTAL
                     EDM= unknown      STRATEGY= 1      NO ERROR MATRIX       
  EXT PARAMETER               CURRENT GUESS       STEP         FIRST   
  NO.   NAME      VALUE            ERROR          SIZE      DERIVATIVE 
   1  N_B12        1.13381e+04   1.58328e+03   6.67358e-03   1.57365e+02
   2  N_B8         5.54656e-01   2.45958e+02   7.33207e-03** at limit **
   3  N_Bkg        1.30395e+04   1.58902e+02   6.23144e-04   2.31662e+02
   4  N_C9         4.76837e+00   1.15636e+02   3.93069e-03   2.51207e+01
   5  N_He8        4.76837e+00   1.26790e+02   4.15296e-03   2.38868e+01
   6  N_Li8        4.76837e+00   3.33811e+02   7.25250e-03   1.59050e+01
   7  N_Li9        4.76837e+00   1.14387e+02   3.90517e-03   2.51546e+01
   8  N_N12        1.18516e+01   2.68329e+04   7.23623e-02   1.79098e+01
   9  tauBkg      -4.76837e-05   2.23512e-02   2.01905e-02  -9.28614e-01
                               ERR DEF= 0.5
 MIGRAD FAILS TO FIND IMPROVEMENT
 EIGENVALUES OF SECOND-DERIVATIVE MATRIX:
        -2.3381e-01  2.8622e-01  6.1956e-01  8.2937e-01  8.7058e-01  8.7522e-01  1.0005e+00  1.8234e+00  2.9289e+00
 MINUIT WARNING IN HESSE   
 ============== MATRIX FORCED POS-DEF BY ADDING 0.236738 TO DIAGONAL.
 FCN=-250345 FROM HESSE     STATUS=NOT POSDEF     85 CALLS         191 TOTAL
                     EDM=0.00927979    STRATEGY= 1      ERR MATRIX NOT POS-DEF
  EXT PARAMETER                APPROXIMATE        STEP         FIRST   
  NO.   NAME      VALUE            ERROR          SIZE      DERIVATIVE 
   1  N_B12        1.13451e+04   1.56324e+03   1.72617e-04   6.72562e+00
   2  N_B8         3.34828e-02   2.68782e+02   4.76716e-03** at limit **
   3  N_Bkg        1.30417e+04   1.56801e+02   1.69937e-04   9.85082e+00
   4  N_C9         4.50286e-04   1.09996e+02   3.82902e-03** at limit **
   5  N_He8        1.24661e-03   1.19195e+02   3.99456e-03** at limit **
   6  N_Li8        6.36430e-05   3.11390e+02   4.38814e-03** at limit **
   7  N_Li9        4.46101e-04   1.09693e+02   3.82559e-03** at limit **
   8  N_N12        2.99135e+00   2.36401e+04   7.17260e-03  -6.84904e-01
   9  tauBkg      -1.23082e-06   2.22343e-02   1.61120e-02** at limit **
                               ERR DEF= 0.5
 MINUIT WARNING IN MIGRAD  
 ============== Negative diagonal element 8 in Error Matrix
 MINUIT WARNING IN MIGRAD  
 ============== 1.00003 added to diagonal of error matrix
 MIGRAD FAILS TO FIND IMPROVEMENT
 MIGRAD TERMINATED WITHOUT CONVERGENCE.
 FCN=-250345 FROM MIGRAD    STATUS=FAILED        297 CALLS         298 TOTAL
                     EDM=140.774    STRATEGY= 1      ERR MATRIX NOT POS-DEF
  EXT PARAMETER                APPROXIMATE        STEP         FIRST   
  NO.   NAME      VALUE            ERROR          SIZE      DERIVATIVE 
   1  N_B12        1.13436e+04   8.76756e+02   0.00000e+00   4.81273e+00
   2  N_B8         1.60988e-02   5.99499e+05   0.00000e+00** at limit **
   3  N_Bkg        1.30413e+04   1.06675e+05  -0.00000e+00   1.59194e+00
   4  N_C9         4.96826e-04   5.99502e+05  -0.00000e+00** at limit **
   5  N_He8        1.09633e-03   5.99510e+05  -0.00000e+00** at limit **
   6  N_Li8        4.61620e-04   5.99678e+05  -0.00000e+00** at limit **
   7  N_Li9        4.93100e-04   5.99502e+05  -0.00000e+00** at limit **
   8  N_N12        4.31945e+00   4.99559e+05  -0.00000e+00   1.37454e+01
   9  tauBkg      -7.02845e-07   6.01417e+00  -0.00000e+00** at limit **
                               ERR DEF= 0.5
 EXTERNAL ERROR MATRIX.    NDIM=  25    NPAR=  9    ERR DEF=0.5
  7.687e+05 -1.520e+05 -2.736e+07  8.843e+02  2.391e+03  4.782e+03  8.637e+02 -1.185e+06 -1.012e-02 
 -1.520e+05  4.025e+04 -4.940e+05 -1.014e-01 -1.806e-01  1.268e-01 -1.004e-01  4.125e+03 -9.802e-07 
 -2.736e+07 -4.940e+05  5.620e+09 -1.666e+03 -3.550e+03  1.851e+04 -1.649e+03  2.239e+08  6.807e-03 
  8.843e+02 -1.014e-01 -1.666e+03  1.242e+03 -1.171e-02 -1.152e-02 -7.799e-03  1.376e+01 -1.798e-06 
  2.391e+03 -1.806e-01 -3.550e+03 -1.171e-02  2.741e+03 -2.044e-02 -1.177e-02  2.924e+01 -2.421e-06 
  4.782e+03  1.268e-01  1.851e+04 -1.152e-02 -2.044e-02  1.155e+03 -1.125e-02 -1.554e+02  2.488e-07 
  8.637e+02 -1.004e-01 -1.649e+03 -7.799e-03 -1.177e-02 -1.125e-02  1.233e+03  1.363e+01 -1.852e-06 
 -1.185e+06  4.125e+03  2.239e+08  1.376e+01  2.924e+01 -1.554e+02  1.363e+01  8.935e+06 -7.686e-05 
 -1.012e-02 -9.802e-07  6.807e-03 -1.798e-06 -2.421e-06  2.488e-07 -1.852e-06 -7.686e-05  1.763e-05 
ERR MATRIX NOT POS-DEF
 PARAMETER  CORRELATION COEFFICIENTS  
       NO.  GLOBAL      1      2      3      4      5      6      7      8      9
        1  0.99136   1.000 -0.864 -0.416  0.029  0.052  0.161  0.028 -0.452 -0.003
        2  0.99986  -0.864  1.000 -0.033 -0.000 -0.000  0.000 -0.000  0.007 -0.000
        3  1.00000  -0.416 -0.033  1.000 -0.001 -0.001  0.007 -0.001  0.999  0.000
        4  0.69140   0.029 -0.000 -0.001  1.000 -0.000 -0.000 -0.000  0.000 -0.000
        5  0.80196   0.052 -0.000 -0.001 -0.000  1.000 -0.000 -0.000  0.000 -0.000
        6  0.99702   0.161  0.000  0.007 -0.000 -0.000  1.000 -0.000 -0.002  0.000
        7  0.68950   0.028 -0.000 -0.001 -0.000 -0.000 -0.000  1.000  0.000 -0.000
        8  1.00000  -0.452  0.007  0.999  0.000  0.000 -0.002  0.000  1.000 -0.000
        9  0.03221  -0.003 -0.000  0.000 -0.000 -0.000  0.000 -0.000 -0.000  1.000
 ERR MATRIX NOT POS-DEF
 **********
 **   18 **HESSE        4500
 **********
 EIGENVALUES OF SECOND-DERIVATIVE MATRIX:
        -3.3028e-01  2.4342e-01  5.5060e-01  8.4729e-01  8.8964e-01  8.9441e-01  1.0005e+00  1.8898e+00  3.0146e+00
 MINUIT WARNING IN HESSE   
 ============== MATRIX FORCED POS-DEF BY ADDING 0.333292 TO DIAGONAL.
 FCN=-250345 FROM HESSE     STATUS=NOT POSDEF     87 CALLS         385 TOTAL
                     EDM=0.0272939    STRATEGY= 1      ERR MATRIX NOT POS-DEF
  EXT PARAMETER                APPROXIMATE     INTERNAL      INTERNAL  
  NO.   NAME      VALUE            ERROR       STEP SIZE       VALUE   
   1  N_B12        1.13436e+04   1.53757e+03   1.72635e-04  -1.47550e+00
   2  N_B8         1.60988e-02   2.40808e+02   5.04963e-03  -1.57091e+00
                                 WARNING -   - ABOVE PARAMETER IS AT LIMIT.
   3  N_Bkg        1.30413e+04   1.46106e+02   1.69945e-04  -1.46861e+00
   4  N_C9         4.96826e-04   1.00649e+02   3.46140e-03  -1.57078e+00
                                 WARNING -   - ABOVE PARAMETER IS AT LIMIT.
   5  N_He8        1.09633e-03   1.09568e+02   3.58064e-03  -1.57077e+00
                                 WARNING -   - ABOVE PARAMETER IS AT LIMIT.
   6  N_Li8        4.61620e-04   2.60982e+02   5.18711e-03  -1.57078e+00
                                 WARNING -   - ABOVE PARAMETER IS AT LIMIT.
   7  N_Li9        4.93100e-04   1.00288e+02   3.45809e-03  -1.57078e+00
                                 WARNING -   - ABOVE PARAMETER IS AT LIMIT.
   8  N_N12        4.31945e+00   3.66071e+04   5.04399e-03  -1.56894e+00
   9  tauBkg      -7.02845e-07   2.04928e-02   1.61091e-02   1.57103e+00
                                 WARNING -   - ABOVE PARAMETER IS AT LIMIT.
                               ERR DEF= 0.5
 EXTERNAL ERROR MATRIX.    NDIM=  25    NPAR=  9    ERR DEF=0.5
  2.364e+06 -7.291e+02 -6.041e+04 -5.387e+01 -1.000e+02 -1.446e+02 -5.050e+01 -1.221e+06 -2.378e-02 
 -7.291e+02  1.551e+01 -1.731e+02 -4.806e-02 -8.429e-02 -2.522e-01 -4.770e-02  3.696e+02  8.330e-06 
 -6.041e+04 -1.731e+02  2.135e+04 -5.212e+00 -1.017e+01 -3.563e+01 -5.051e+00  3.093e+04  1.601e-03 
 -5.387e+01 -4.806e-02 -5.212e+00  2.000e-01 -6.269e-03 -9.667e-03 -4.545e-03  2.589e+01 -6.801e-07 
 -1.000e+02 -8.429e-02 -1.017e+01 -6.269e-03  4.805e-01 -1.708e-02 -6.425e-03  4.940e+01 -5.249e-07 
 -1.446e+02 -2.522e-01 -3.563e+01 -9.667e-03 -1.708e-02  4.819e-01 -9.579e-03  7.332e+01  1.779e-06 
 -5.050e+01 -4.770e-02 -5.051e+00 -4.545e-03 -6.425e-03 -9.579e-03  1.978e-01  2.404e+01 -7.546e-07 
 -1.221e+06  3.696e+02  3.093e+04  2.589e+01  4.940e+01  7.332e+01  2.404e+01  6.340e+05  1.190e-02 
 -2.378e-02  8.330e-06  1.601e-03 -6.801e-07 -5.249e-07  1.779e-06 -7.546e-07  1.190e-02  5.762e-08 
ERR MATRIX NOT POS-DEF
 PARAMETER  CORRELATION COEFFICIENTS  
       NO.  GLOBAL      1      2      3      4      5      6      7      8      9
        1  0.99776   1.000 -0.120 -0.269 -0.078 -0.094 -0.135 -0.074 -0.998 -0.064
        2  0.50525  -0.120  1.000 -0.301 -0.027 -0.031 -0.092 -0.027  0.118  0.009
        3  0.66870  -0.269 -0.301  1.000 -0.080 -0.100 -0.351 -0.078  0.266  0.046
        4  0.24280  -0.078 -0.027 -0.080  1.000 -0.020 -0.031 -0.023  0.073 -0.006
        5  0.27281  -0.094 -0.031 -0.100 -0.020  1.000 -0.036 -0.021  0.090 -0.003
        6  0.55044  -0.135 -0.092 -0.351 -0.031 -0.036  1.000 -0.031  0.133  0.011
        7  0.23969  -0.074 -0.027 -0.078 -0.023 -0.021 -0.031  1.000  0.068 -0.007
        8  0.99772  -0.998  0.118  0.266  0.073  0.090  0.133  0.068  1.000  0.062
        9  0.08007  -0.064  0.009  0.046 -0.006 -0.003  0.011 -0.007  0.062  1.000
 ERR MATRIX NOT POS-DEF
 **********
 **   19 **SET ERRDEF         0.5
 **********
 FUNCTION MUST BE MINIMIZED BEFORE CALLING HESSE   
 START MIGRAD MINIMIZATION.  STRATEGY  1.  CONVERGENCE WHEN EDM .LT. 5.00e-05
 FCN=-250345 FROM MIGRAD    STATUS=INITIATE       18 CALLS         403 TOTAL
                     EDM=0.026818    STRATEGY= 1      ERR MATRIX NOT POS-DEF
  EXT PARAMETER                APPROXIMATE        STEP         FIRST   
  NO.   NAME      VALUE            ERROR          SIZE      DERIVATIVE 
   1  N_B12        1.13436e+04   1.53757e+03   1.72635e-04   4.81273e+00
   2  N_B8         1.60988e-02   2.40808e+02   5.04963e-03** at limit **
   3  N_Bkg        1.30413e+04   1.46106e+02   1.69945e-04   1.71015e+00
   4  N_C9         4.96826e-04   1.00649e+02   3.46140e-03** at limit **
   5  N_He8        1.09633e-03   1.09568e+02   3.58064e-03** at limit **
   6  N_Li8        4.61620e-04   2.60982e+02   5.18711e-03** at limit **
   7  N_Li9        4.93100e-04   1.00288e+02   3.45809e-03** at limit **
   8  N_N12        4.31945e+00   3.66071e+04   5.04399e-03   1.52932e+00
   9  tauBkg      -7.02845e-07   2.04928e-02   1.61091e-02** at limit **
                               ERR DEF= 0.5
 MIGRAD FAILS TO FIND IMPROVEMENT
 EIGENVALUES OF SECOND-DERIVATIVE MATRIX:
        -3.5676e-01  5.5278e-01  8.8858e-01  9.6642e-01  9.7893e-01  9.8082e-01  1.0005e+00  1.4839e+00  2.5049e+00
 MINUIT WARNING IN HESSE   
 ============== MATRIX FORCED POS-DEF BY ADDING 0.359267 TO DIAGONAL.
 FCN=-250345 FROM HESSE     STATUS=NOT POSDEF     79 CALLS         491 TOTAL
                     EDM=0.0359977    STRATEGY= 1      ERR MATRIX NOT POS-DEF
  EXT PARAMETER                APPROXIMATE        STEP         FIRST   
  NO.   NAME      VALUE            ERROR          SIZE      DERIVATIVE 
   1  N_B12        1.13436e+04   1.68436e+03   1.72635e-04   4.88540e+00
   2  N_B8         1.60988e-02   3.00717e+02   2.01985e-03** at limit **
   3  N_Bkg        1.30413e+04   1.29002e+02   6.79780e-05   1.73177e+00
   4  N_C9         4.96826e-04   1.02736e+02   1.38456e-03** at limit **
   5  N_He8        1.09633e-03   1.11902e+02   1.43226e-03** at limit **
   6  N_Li8        4.61620e-04   3.28854e+02   2.07485e-03** at limit **
   7  N_Li9        4.93100e-04   1.02483e+02   1.38324e-03** at limit **
   8  N_N12        4.31945e+00   1.05864e+05   2.01760e-03  -8.02078e-01
   9  tauBkg      -7.02845e-07   2.00872e-02   1.61026e-02** at limit **
                               ERR DEF= 0.5
 MIGRAD FAILS TO FIND IMPROVEMENT
 MIGRAD TERMINATED WITHOUT CONVERGENCE.
 FCN=-250345 FROM MIGRAD    STATUS=FAILED        165 CALLS         550 TOTAL
                     EDM=0.725217    STRATEGY= 1      ERR MATRIX NOT POS-DEF
  EXT PARAMETER                APPROXIMATE        STEP         FIRST   
  NO.   NAME      VALUE            ERROR          SIZE      DERIVATIVE 
   1  N_B12        1.13355e+04   1.26597e+02   0.00000e+00   2.91259e+01
   2  N_B8         6.59832e-03   3.03566e+02  -0.00000e+00** at limit **
   3  N_Bkg        1.30420e+04   1.16140e+02  -0.00000e+00   1.92591e+00
   4  N_C9         7.92126e-04   1.02732e+02   0.00000e+00** at limit **
   5  N_He8        2.06275e-03   1.11910e+02   0.00000e+00** at limit **
   6  N_Li8        1.14135e-03   3.26492e+02   0.00000e+00** at limit **
   7  N_Li9        7.74105e-04   1.02494e+02   0.00000e+00** at limit **
   8  N_N12        1.29764e+01   1.33838e+02  -0.00000e+00   9.59936e+00
   9  tauBkg      -4.05286e-07   2.02170e-02   0.00000e+00** at limit **
                               ERR DEF= 0.5
 EXTERNAL ERROR MATRIX.    NDIM=  25    NPAR=  9    ERR DEF=0.5
  1.603e+04 -8.239e+00 -2.118e+03 -1.959e+00 -2.326e+00 -5.914e+00 -2.055e+00 -6.201e+03 -3.288e-04 
 -8.239e+00  8.012e+00 -6.482e+01 -1.994e-02 -4.311e-02 -8.778e-02 -1.942e-02 -3.779e-01 -5.755e-06 
 -2.118e+03 -6.482e+01  1.349e+04 -4.297e+00 -8.822e+00 -3.474e+01 -4.123e+00  5.276e+02  6.795e-04 
 -1.959e+00 -1.994e-02 -4.297e+00  3.255e-01 -2.366e-03 -6.950e-03 -1.510e-03 -7.886e-02 -8.211e-08 
 -2.326e+00 -4.311e-02 -8.822e+00 -2.366e-03  9.234e-01 -1.388e-02 -2.348e-03 -2.426e-01  3.259e-07 
 -5.914e+00 -8.778e-02 -3.474e+01 -6.950e-03 -1.388e-02  1.491e+00 -6.746e-03  4.038e+00  4.900e-07 
 -2.055e+00 -1.942e-02 -4.123e+00 -1.510e-03 -2.348e-03 -6.746e-03  3.174e-01 -6.908e-02 -1.019e-07 
 -6.201e+03 -3.779e-01  5.276e+02 -7.886e-02 -2.426e-01  4.038e+00 -6.908e-02  6.947e+03 -3.284e-04 
 -3.288e-04 -5.755e-06  6.795e-04 -8.211e-08  3.259e-07  4.900e-07 -1.019e-07 -3.284e-04  3.278e-08 
ERR MATRIX NOT POS-DEF
 PARAMETER  CORRELATION COEFFICIENTS  
       NO.  GLOBAL      1      2      3      4      5      6      7      8      9
        1  0.60590   1.000 -0.023 -0.144 -0.027 -0.019 -0.038 -0.029 -0.588 -0.014
        2  0.22777  -0.023  1.000 -0.197 -0.012 -0.016 -0.025 -0.012 -0.002 -0.011
        3  0.38433  -0.144 -0.197  1.000 -0.065 -0.079 -0.245 -0.063  0.054  0.032
        4  0.09114  -0.027 -0.012 -0.065  1.000 -0.004 -0.010 -0.005 -0.002 -0.001
        5  0.10280  -0.019 -0.016 -0.079 -0.004  1.000 -0.012 -0.004 -0.003  0.002
        6  0.27427  -0.038 -0.025 -0.245 -0.010 -0.012  1.000 -0.010  0.040  0.002
        7  0.09034  -0.029 -0.012 -0.063 -0.005 -0.004 -0.010  1.000 -0.001 -0.001
        8  0.59060  -0.588 -0.002  0.054 -0.002 -0.003  0.040 -0.001  1.000 -0.022
        9  0.05097  -0.014 -0.011  0.032 -0.001  0.002  0.002 -0.001 -0.022  1.000
 ERR MATRIX NOT POS-DEF
 EIGENVALUES OF SECOND-DERIVATIVE MATRIX:
        -2.0981e-01  2.0373e-01  5.2852e-01  8.4888e-01  8.9048e-01  8.9438e-01  1.0005e+00  1.8495e+00  2.9939e+00
 MINUIT WARNING IN HESSE   
 ============== MATRIX FORCED POS-DEF BY ADDING 0.212808 TO DIAGONAL.
 START MNCONTOUR CALCULATION OF   50 POINTS ON CONTOUR.
 EACH POINT IS A MINIMUM WITH RESPECT TO THE OTHER   7 VARIABLE PARAMETERS.
 MINUIT WARNING IN MIGRAD  
 ============== Negative diagonal element 8 in Error Matrix
 MINUIT WARNING IN MIGRAD  
 ============== 1.00086 added to diagonal of error matrix
 MIGRAD FAILS WITH STRATEGY=0.   WILL TRY WITH STRATEGY=1.
 EIGENVALUES OF SECOND-DERIVATIVE MATRIX:
        -5.8369e-01  1.3336e-02  1.0161e-01  2.4319e-01  4.1045e-01  9.9991e-01  1.0089e+00  5.8063e+00
 MINUIT WARNING IN HESSE   
 ============== MATRIX FORCED POS-DEF BY ADDING 0.589493 TO DIAGONAL.
 MINUIT WARNING IN MIGRAD  
 ============== Negative diagonal element 4 in Error Matrix
